1.271191260265384315e+00
2.185312537324048510e+00
-4.764145003343586704e-01
2.028491697593673759e+00
1.819482496970512342e+00
-1.104879581524013527e-01
-1.673364038395957154e+00
1.440067226832901115e+00
-6.675019176607422944e-01
1.052999926571340561e+00
-1.327224784146103564e+00
1.310063950739120964e+00
1.916783062431547391e+00
4.911704048555327606e-01
1.080123322519255247e+00
-1.420399826124818521e+00
-3.352717810666073356e-02
-1.184009179149455660e-03
1.519368149516608257e+00
1.277845137966976408e+00
-4.848437633329457097e-01
-7.000456653288067432e-01
-8.973766511802856449e-01
-9.414979725504066810e-01
-8.605786687752067232e-01
4.995643516674813100e-01
6.247998418281419664e-01
-2.385114789917599065e+00
-5.025131494545104216e-01
3.494531830313521992e-01
-2.144933991778028293e-01
-2.234815474864179752e+00
-1.728951848685552850e+00
-5.168672123992591461e-01
