1.029860060716640602e+00
1.073711688113926505e-01
-1.119454649038491151e-01
-1.721900053498600369e-01
1.071976883689214066e+00
-5.017437439546617028e-01
1.382396035736649598e+00
-4.213574732763337299e-03
5.898768203888793416e-01
-6.432197008329039178e-01
2.502050613813723290e-01
4.424257117526669281e-01
6.250537036758538334e-02
6.462644066608843607e-01
-1.594763264284057680e+00
1.082977636835783963e+00
1.651060360307419483e-01
5.615634413197059804e-02
-2.525447579615537563e+00
1.350500847204102184e-01
7.202012443897704008e-01
-7.338149558207273104e-01
-3.838441001423179566e-01
-1.751974441386109138e+00
-9.739220791845189240e-02
-3.030159932655854954e-02
-2.906663656484810843e-01
-1.237615061372561165e+00
2.650133441600123207e-01
-8.527098940081740963e-01
7.462050353007462222e-01
8.330475928264520213e-01
7.834089472230648665e-01
1.155001168634863351e+00
