5.189338909013394563e-01
-1.604581456718923438e-01
2.661960164557975461e-01
-1.801274736335213511e+00
-6.931650186723408158e-01
6.484380681443435712e-02
1.474327837474077807e+00
1.655139539640063662e+00
4.262438198668017653e-01
-1.127017454596452722e-01
-3.133476354556303245e-01
-8.395980304902990465e-02
-6.199044068660549689e-01
8.828436644151974599e-01
-3.095806522144312067e-02
-6.415952279491713428e-01
-4.020320193745610671e-01
1.037329086490186070e+00
2.625910245895926032e+00
-1.809302911865281249e+00
-8.854585970099951853e-01
1.350841736591808395e+00
-2.539467620709634943e+00
-1.141732610679220938e+00
-1.232467069664411469e-01
-1.228459751057275229e+00
-3.281395491078284987e-01
-1.066427198691205724e+00
-1.773919951738808898e+00
9.908884835569009564e-01
-1.114940376833042590e+00
-5.948006638210749930e-01
-4.947298095900740100e-01
5.040458223012105332e-01
