3.273195827678548886e-01
-5.740382889808167688e-01
-2.259245380852142659e+00
-2.386514862095128475e-01
1.221505225355099977e+00
1.594364216888640717e+00
-2.090429651530499588e-01
8.954118063167989527e-01
-5.276137821351825075e-01
6.078513451561813330e-01
-5.899784589036775884e-02
1.094304804935915421e+00
9.435879072977761961e-01
-3.150643473684927032e-01
-4.369521558080853296e-01
7.628735745203717444e-01
6.714126727436439679e-02
-1.177604474128945977e-01
3.932671574379705826e-01
8.944511827032077811e-01
1.233509304330672407e+00
1.695187128132753518e+00
1.293750321882789933e+00
-1.254371270428963625e-01
-7.275137088668099938e-01
-1.010656599761509566e+00
5.489245176609492960e-01
-6.124086637708662240e-01
-7.704602457732639964e-01
-6.644973998742488286e-01
-9.241311813117008001e-01
-1.318990806754190004e+00
-2.707037025809321262e-01
-6.198097988907003142e-01
