-6.732399180854748977e-01
-1.129200043090937022e+00
1.350284010672352819e+00
8.482516675914801851e-01
-1.778387735433610617e+00
1.298640777300324789e+00
6.337822027634698596e-02
1.212375387522126147e+00
6.334371264176130722e-01
-1.867589761345873622e-01
-3.752439482160779272e-01
1.224405820953510027e+00
1.246107650365538277e-01
3.679860584383092825e-01
3.680632148365176048e-01
8.579820494944061515e-01
-3.164940004317386979e-01
1.297147526744964807e+00
-1.046695794951726377e+00
-1.775369179330184899e+00
7.530719630228704942e-01
1.071022858923124099e+00
1.782995071128767595e-01
-6.377277340649932791e-01
2.157340420256082247e-01
2.957002356393668152e-01
6.254118926612670659e-01
-3.351495635329528738e-02
-4.415531324239427291e-01
1.364466787640336687e+00
2.501221240615663088e+00
-4.089814713134790614e-01
1.112974614140176399e+00
1.056549389441767239e+00
